omega0    =     -95.0000
omegaR    =      10.0000
chi       =      -84.860000
detector  =      -403.00000
exp. time =      5.00000
