omega0    =     -95.0000
omegaR    =      10.0000
chi       =      -84.880000
detector  =      -333.00000
exp. time =      5.00000
