omega0    =     -99.5000
omegaR    =      1.00000
chi       =      -98.378000
detector  =      -333.00000
exp. time =     0.500000
