omega0    =     -109.500
omegaR    =      1.00000
chi       =      -108.39800
detector  =      -333.00000
exp. time =     0.500000
