omega0    =     -73.5000
omegaR    =      1.00000
chi       =      -72.378000
detector  =      -333.00000
exp. time =     0.500000
