omega0    =     -85.5000
omegaR    =      1.00000
chi       =      -84.378000
detector  =      -333.00000
exp. time =     0.500000
