omega0    =     -84.5000
omegaR    =      1.00000
chi       =      -83.378000
detector  =      -333.00000
exp. time =     0.500000
