omega0    =     -105.500
omegaR    =      1.00000
chi       =      -104.37800
detector  =      -333.00000
exp. time =     0.500000
