omega0    =     -66.5000
omegaR    =      1.00000
chi       =      -65.378000
detector  =      -333.00000
exp. time =     0.500000
