omega0    =     -114.500
omegaR    =      1.00000
chi       =      -113.36800
detector  =      -333.00000
exp. time =     0.500000
