omega0    =     -96.5000
omegaR    =      1.00000
chi       =      -95.378000
detector  =      -333.00000
exp. time =     0.500000
