omega0    =     -122.500
omegaR    =      1.00000
chi       =      -121.35800
detector  =      -333.00000
exp. time =     0.500000
