omega0    =     -104.500
omegaR    =      1.00000
chi       =      -103.37800
detector  =      -333.00000
exp. time =     0.500000
