omega0    =     -90.5000
omegaR    =      16.5000
chi       =      -73.938000
detector  =      -263.00000
exp. time =      16.5000
