omega0    =     -100.500
omegaR    =      1.00000
chi       =      -99.378000
detector  =      -333.00000
exp. time =     0.500000
