omega0    =     -94.5000
omegaR    =      1.00000
chi       =      -93.378000
detector  =      -333.00000
exp. time =     0.500000
