omega0    =     -123.500
omegaR    =      66.0000
chi       =      -57.378000
detector  =      -333.00000
exp. time =      33.0000
