omega0    =     -106.500
omegaR    =      1.00000
chi       =      -105.37800
detector  =      -333.00000
exp. time =     0.500000
