omega0    =     -115.500
omegaR    =      1.00000
chi       =      -114.37800
detector  =      -333.00000
exp. time =     0.500000
