omega0    =     -108.500
omegaR    =      1.00000
chi       =      -107.37800
detector  =      -333.00000
exp. time =     0.500000
