omega0    =     -120.500
omegaR    =      1.00000
chi       =      -119.35800
detector  =      -333.00000
exp. time =     0.500000
