omega0    =     -117.500
omegaR    =      1.00000
chi       =      -116.37800
detector  =      -333.00000
exp. time =     0.500000
