omega0    =     -58.5000
omegaR    =      1.00000
chi       =      -57.378000
detector  =      -333.00000
exp. time =     0.500000
