omega0    =     -123.500
omegaR    =      66.0000
chi       =      -57.428000
detector  =      -263.00000
exp. time =      66.0000
