omega0    =     -86.5000
omegaR    =      1.00000
chi       =      -85.368000
detector  =      -333.00000
exp. time =     0.500000
